100
3 2 4
3 2 9
16 80 789862115964
21 58 857687157468
13 55 780298762474
6 83 641197618138
12 30 263180874667
3 2 7
23 60 766688586462
2 96 414337046714
26 1 3
8 19 881154085031
18 15 505450136442
3 18 6851
1 5 1
6 51 807418963918
4 10 712208824887
5 10 7322
14 36 304685167515
4 53 815559250857
2 48 880630002022
1 5 5
20 59 489317005966
18 54 806291104540
1 100 100
9 38 930563936766
6 42 303411460370
13 49 854261649215
21 40 941731695267
3 64 387489086510
5 9 14499318061
19 58 390297301651
11 68 98594772793
2 100 3196059683
12 59 912970404493
1 66 780976264906
1 5 3
19 5 761683677984
17 13 806659026493
3 20 59806938963
20 63 556265392709
24 96 719841442419
1 100 1000000000000
25 40 956376937599
9 43 929293408046
26 100 1000000000000
16 45 487993048498
13 56 507397449923
2 96 559665462812
5 10 7323
2 97 208690061279
7 8 902340435383
1 1 1
2 96 580486229938
16 81 794593425037
1 81 15811336108
1 5 2
2 97 981780779502
9 28 69912248796
2 93 150681848340
17 10 622604912925
24 6 437429607222
21 51 902878829182
2 100 2936890
1 99 1000000000000
13 40 911236058967
3 15 1015
2 100 549755813913
26 1 5
1 1 2
17 70 126927926388
26 1 1
2 100 102273908761
2 98 509085103763
26 43 817966951522
14 19 518860445560
2 100 649400057293
19 19 926699709849
22 33 306241771877
7 49 895334792301
2 100 3007316006
2 100 96234111004
6 13 480922479370
19 48 834141002933
2 90 564606065450
4 9 366734385556
1 94 936426898281
4 59 772728343767
2 100 353414451810
3 3 97843
8 42 853568571075
2 100 1000000000000
6 40 806682055958
3 5 51
3 3 16
2 95 620034504733
7 15 693566750130
2 100 3121207
25 100 616536160766
8 31 613529864339
